,
0.13971714675426483
0.8155737519264221
0.6859422326087952
0.13971714675426483
0.8155737519264221
0.6859422326087952
,
0.501960813999176
0.20000000298023224
0.3019607961177826
,
0.6000000238418579
0.3019607961177826
0.4000000059604645
,
1.0
1.0
1.0
,
1.0
1.0
1.0
,
1.0
1.0
1.0
,
1.0
1.0
1.0
,
1.0
1.0
1.0
,
1.0
1.0
1.0
,
1.0
1.0
1.0
,
0.800000011920929
0.501960813999176
0.6000000238418579
,
1.0
1.0
0.800000011920929
,
1.0
0.7019608020782471
0.4000000059604645
,
1.0
1.0
1.0
,
1.0
1.0
1.0
,
1.0
1.0
1.0
,
1.0
1.0
1.0
,
1.0
1.0
1.0
,
1.0
1.0
1.0
,
1.0
1.0
1.0
